0.089488658861,0.353886485959
0.0896164687264,0.353878042189
0.379755208256,0.293863711444
0.0,0.312578725699
0.684758044241,0.459204859329
0.684778354255,0.459208514678
0.684765409708,0.459185142803
0.915852807814,0.168752780644
0.915403625457,0.16888149592
0.915522325702,0.168853997407
0.577174802937,0.301776552895
0.491247244727,0.182878846499
0.488875153848,0.18669458155
0.658193678568,0.285602914014
0.63901913415,0.307832406642
0.496727822423,0.132474933583
0.654559188375,0.32408293667
0.481933860083,0.205805380358
0.483350282346,0.211873595565
0.533859617217,0.210762997761
0.496220609721,0.223935612483
0.460260580971,0.123934288459
0.603260830764,0.0428644560445
0.856279517151,0.231584008841
0.65807991226,0.0735323862598
0.868553925781,0.179591951567
0.658767751744,0.0747447855713
0.658834079405,0.0747025067642
0.391975823341,0.122759215233
0.199729068008,0.107214073501
0.591884299886,0.187522239829
0.601724942893,0.2096959284
0.603500051235,0.208073429592
0.606290342676,0.204458779118
0.54141747647,0.294597139347
0.636455327489,0.338546638784
0.636258286439,0.339280074295
0.595647427564,0.0921067480797
0.536791249025,0.0897187704853
0.784067735575,0.330007446953
0.784082396375,0.330002838186
0.793171173406,0.283633761038
0.793275114109,0.28360732682
0.79340090078,0.283647596537
0.365059031209,0.445409187436
0.364972933529,0.445407705632
0.451740197928,0.189959364565
0.451405967033,0.190279838546
0.453244690985,0.189714649711
0.460484176397,0.19076818559
0.464956348027,0.190833080494
0.151656527613,0.246385495277
0.151902054549,0.246542827577
0.526886883101,0.380348799716
0.526887862648,0.380346565118
0.751706525909,0.0815677574073
0.751898517728,0.081530471557
0.75206843231,0.0814026899234
0.401200824576,0.282034996819
0.50622729943,0.303697880122
0.506326843437,0.303702249978
0.479499523404,0.276585146633
0.480536996264,0.276910166737
0.764333534361,0.310168884785
0.763299362647,0.309880836236
0.606327984749,0.0501623946294
0.539373159659,0.0808555044848
0.539745271238,0.0808484173349
0.487757533185,0.210117251452
0.490955035028,0.210195473716
0.491895716843,0.282307866582
0.496401296915,0.0894475183674
0.496076908142,0.0888769859645
0.495324627143,0.0885354567736
0.60394197324,0.0527303165719
0.604565599395,0.0520533804587
0.603943045685,0.0521827292053
0.505243587022,0.173422167546
0.52556146065,0.179625655734
0.511477047885,0.191611859017
0.513619053671,0.161025116116
0.508184245186,0.161364469899
0.491478238273,0.15343597091
0.836590728414,0.270471657758
0.836468197352,0.270434244815
0.126855195571,0.302881093687
0.0966069392139,0.275688342072
0.655881469539,0.307824309786
0.659055154227,0.308879322582
0.655077517696,0.307992235459
0.854924106798,0.278077155092
0.854609720317,0.278100836265
0.65786054408,0.30804414471
0.760363026534,0.309001777767
0.693760930525,0.279889860177
0.201625870163,0.353767928831
0.201726597731,0.353725849995
0.183378625679,0.331190126965
0.18439178967,0.331833051618
0.474844733182,0.329619840909
0.473149773664,0.329677467034
0.191242926537,0.444790319077
0.190876690371,0.445705995065
0.190790115791,0.445699850356
0.414510841468,0.376490427995
0.44109978425,0.162681822106
0.441145868674,0.162640076625
0.60505938732,0.137678377888
0.487324579822,0.153001734894
0.1689808906,0.145861696478
0.525454455062,0.15435223688
0.378513994458,0.332720785069
0.606609493086,0.134939902641
0.378452755076,0.0695571402376
0.427376023406,0.129354902877
0.686519328132,0.107325569218
0.582218374549,0.114584978283
0.571303297916,0.140389579853
0.571329681087,0.139312613373
0.906529389594,0.171007547255
0.606843954906,0.0509943834443
0.472303518128,0.128710263862
0.485565228335,0.132475416678
0.482944098606,0.121551158254
0.259205985453,0.388259708288
0.413092476159,0.375045053625
0.38230187678,0.340114545089
0.680426436176,0.284569605669
0.316922704187,0.3009256333
0.245423026844,0.355470156374
0.353319448494,0.12249435803
0.56150954215,0.306465360103
0.672883345508,0.27839927948
0.643438450043,0.237348791143
0.212099798067,0.199634884871
0.212239341427,0.19967291524
0.526234346856,0.0500674413784
0.52644060381,0.0499659094767
0.527612980058,0.0477341861559
0.526169986351,0.0509253281606
0.527637937539,0.0478125432219
0.524178576113,0.0541631396515
0.408357830648,0.206812319651
0.408769176529,0.206640601757
0.0426338695473,0.335094901866
0.0888030254473,0.356082470955
0.0888263605937,0.355853751749
0.0237712314012,0.262837094089
0.0237500596882,0.262723025539
0.0237798666368,0.262851029213
0.0238428546707,0.262796899908
0.0237867144935,0.262788931939
0.0896408420994,0.353876438254
0.525707549844,0.347282641092
0.525641495344,0.346934709737
0.479961182951,0.349074826561
0.0609513673051,0.377500384642
0.142097533787,0.37754343921
0.104906718,0.384576894828
0.620232893417,0.291234432373
0.618720409158,0.24898847343
0.643314293457,0.252216724003
0.590881011047,0.474162141203
0.252813749469,0.248543920536
0.728390884854,0.00692626695211
0.728740780322,0.00690184711725
0.362240604609,0.262064035916
0.321019575374,0.322244525656
0.619392165065,0.294345630037
0.610796737232,0.298041845178
0.562036384473,0.302355664841
0.729904465957,0.00868000605981
0.731626703359,0.00826506931972
0.70621306515,0.341636493762
0.711020942956,0.342759154353
0.710139246432,0.341848871538
0.598295825177,0.507760033371
0.194134103142,0.391532131085
0.710126223168,0.341854897127
0.737075308665,0.00756151426921
0.289700812741,0.369775429262
0.739682216581,0.00500074023685
0.738526087188,0.00524973830711
0.588379251084,0.205263620517
0.309435362479,0.387141563134
0.718546973005,0.0601157339711
0.617981364217,0.234208467581
0.592357519565,0.217167169956
0.640788162084,0.204877024158
0.726644837096,0.404087613156
0.223304377062,0.331574627652
0.599323474068,0.281948718615
0.458539262537,0.145277915523
0.380463078116,0.27904917478
0.244658705465,0.366345125322
0.585487257582,0.496318206404
0.5842194878,0.486449306252
0.503428718554,0.143325146844
0.607868965704,0.268186783533
0.640507203571,0.483854570872
0.317460668602,0.321986447687
0.261998625022,0.379739806224
0.536885810274,0.270476805053
0.536908800629,0.270614633091
0.635912467101,0.252913185589
0.875745171475,0.363990926253
0.875754809731,0.364035669213
0.875679788926,0.363943089738
0.297332802126,0.319659476925
0.436924970089,0.346177991687
0.615661627991,0.491022922166
0.750141801562,0.457309103188
0.750862920837,0.456819690325
0.756216355806,0.452448635758
0.759238576938,0.449734270527
0.75902699306,0.44993378657
0.0535435827379,0.318679624501
0.71729988197,0.00776830748239
0.719238662604,0.00770435495003
0.413058543302,0.376130663295
0.228149532387,0.369872521128
0.617201412222,0.319980669159
0.0773697085415,0.307594790575
0.32303503483,0.344117007919
0.612209502326,0.476294916818
0.282410107483,0.36110508458
0.576324017857,0.426836897313
0.57680895829,0.426627018919
0.576840314091,0.426864964497
0.73368869296,0.00866891980767
0.435857073835,0.240766150557
0.432715057474,0.243189285304
0.432662139084,0.243945228734
0.431935506346,0.231332175262
0.431367941441,0.230309017076
0.739270158287,0.0104653454194
0.583241341724,0.499735971719
0.614707548994,0.486511034796
0.608740784378,0.490631282242
0.614154829782,0.486685422093
0.583923340281,0.503989026505
0.614327766249,0.486642243134
0.733614707249,0.00761280680313
0.335994476334,0.286020266364
0.243214076505,0.397553949834
0.24242633001,0.414373218808
0.242007768629,0.418364586459
0.245752981278,0.395805566148
0.245461495795,0.396210533812
0.352395996077,0.268074386294
0.737933422231,0.00732939506785
0.480816638238,0.420643090137
0.480834615944,0.420627164877
0.480737063622,0.420703819745
0.480976181007,0.420667793895
0.737501898491,0.00675016703042
0.35255010432,0.266346193771
0.855903063335,0.333715650367
0.855722968411,0.334196873719
0.360826583058,0.237148230202
0.653993433978,0.285827503083
0.356920533707,0.284653476169
0.319543058916,0.350895095724
0.999959051804,0.292707797442
1.0,0.29269542434
0.521057182846,0.238833674518
0.523306165908,0.22681729318
0.538977491525,0.313996959574
0.53668254204,0.319836861177
0.595610652003,0.329152696388
0.593495747928,0.328890970446
0.595888512861,0.328954442911
0.600766065394,0.291139273807
0.870452891448,0.3610667559
0.344296166751,0.319692523226
0.722547759645,0.277352311511
0.711889983179,0.243327147376
0.190988019811,0.394169398611
0.292201410312,0.367364470256
0.290799290332,0.367821796112
0.231311672007,0.336261524378
0.496310214765,0.47090540855
0.494584015461,0.470523026019
0.589344220529,0.510567938844
0.734534590095,0.0185508393641
0.736502692199,0.0100992880455
0.738258606058,0.00947492260087
0.76529019728,0.0222092678906
0.413157024755,0.418546725279
0.413135765573,0.418637170353
0.412947622786,0.418645240597
0.41307130939,0.418765573855
0.362031136755,0.365573435721
0.363443450007,0.365601467102
0.699696004732,0.00194170406428
0.700518238069,0.00188661422385
0.702021138649,0.00222438408588
0.0896262203722,0.35388455741
0.0894826729478,0.353888220722
0.0894886594471,0.353886485812
0.0198844692239,0.347083297934
0.572071902943,0.248297434468
0.809308000762,0.408493658651
0.809864710752,0.408821184444
0.783973022947,0.368661151933
0.809893265537,0.408895938934
0.809827796032,0.408860247526
0.810068801551,0.408848283951
0.809768198244,0.408582154179
0.784138296722,0.36900082486
0.784224949317,0.369242619505
0.784241848813,0.3692392272
0.784019678145,0.368858689059
0.368510404432,0.204046253338
0.368513690271,0.204145318366
0.140051028887,0.181266769759
0.000269428601892,0.312343040113
0.564476718987,0.224809712573
0.56455747027,0.224700328952
0.880981325933,0.209507458487
0.880928932187,0.209497738458
0.115976764307,0.294449017102
0.114586226348,0.295052833546
0.113580103403,0.290493013115
0.250838020067,0.332078931517
0.25213789447,0.331189262456
0.33033648146,0.318171661841
0.36225916205,0.0724535433605
0.362818894006,0.0713787290833
0.309706874743,0.415827214537
0.311838348098,0.416852157182
0.215018708101,0.238874476365
0.215060311331,0.238959365242
0.244067048075,0.309878853199
0.244396283248,0.309970752977
0.334620361269,0.247923697855
0.356654501102,0.248963897841
0.350565353875,0.248792548493
0.310421460967,0.213051670987
0.312911941959,0.213173150884
0.537770709364,0.25299141458
0.558088181175,0.244141829194
0.557688195507,0.244438340122
0.459446807848,0.259778645978
0.0621162652194,0.301561626766
0.33103010641,0.174878523268
0.351548118954,0.169302079279
0.352571125293,0.168746275162
0.202891803592,0.308541830731
0.203105250926,0.307446153481
0.571117028148,0.163352184068
0.57147566224,0.163300961856
0.787669614053,0.247342650919
0.380106888819,0.260393545188
0.301354396451,0.280194788121
0.30195045153,0.280190524362
0.275802969126,0.292277784491
0.324384920939,0.390439095383
0.324995717799,0.390845075396
0.336449172592,0.247219809221
0.27087044614,0.184044252532
0.270772411395,0.18372433689
0.291094588923,0.240904837851
0.321094485289,0.189973941513
0.320951036047,0.189830268827
0.276620663665,0.331126342207
0.55580203225,0.302637924266
0.274478208385,0.292141606598
0.306202151525,0.184500741186
0.243852373422,0.308986947376
0.284595684617,0.278674928172
0.253405340163,0.338327388098
0.53854631769,0.124584509676
0.540157129363,0.124704949553
0.541195522407,0.12369963139
0.542538962374,0.123747725607
0.542023116881,0.122916333904
0.388256768727,0.259549103437
0.300805535952,0.165225021091
0.31313151337,0.210058684267
0.296536136475,0.232678880881
0.305953250704,0.177058606132
0.183457151249,0.367615003279
0.279458815048,0.191289409568
0.354784661219,0.222521056643
0.193423698101,0.296133027725
0.172264989709,0.1659522814
0.173274312703,0.165219621393
0.564204088069,0.138975626797
0.589005876372,0.120599619639
0.57557684804,0.109046415824
0.670996641819,0.176104558731
0.243707352293,0.310382115667
0.577057173475,0.114980818066
0.646160125653,0.185279152004
0.40317400109,0.12854480349
0.236320688082,0.368689815075
0.429281267087,0.130255437024
0.562212579765,0.0980738038763
0.484813036081,0.248556560077
0.482253291044,0.250689577348
0.480995077094,0.250397405025
0.556680961975,0.193412575795
0.551282931171,0.194715987573
0.554609254734,0.195563965532
0.553286207426,0.19424709364
0.551807581414,0.193614314358
0.552096181684,0.193252405273
0.217012281303,0.272756299047
0.21671173851,0.272560218344
0.216801729218,0.272873483494
0.218243015259,0.276032543565
0.218081675363,0.278957018956
0.0896286326874,0.353884143617
0.089625695694,0.35388453806
0.0846091901595,0.366148983369
0.08948265676,0.353888220868
0.00963940891204,0.233176289886
0.00993209664181,0.232997427142
0.00990317479046,0.232953564183
0.00969869272531,0.232977338869
0.00952148150442,0.233101991053
0.0896250189026,0.353884551457
0.0888420899857,0.356042541878
0.0594076969325,0.326067813331
0.0885701141239,0.356431374699
0.695890271683,0.171664987525
0.699942982898,0.165610033649
0.708096978383,0.205791546065
0.712219477797,0.203396906684
0.733019463174,0.223205139446
0.734417515435,0.219802020362
0.733296099503,0.218943573069
0.73057145024,0.216609597355
0.710150340597,0.201652116137
0.700778829599,0.1692746546
0.711649778025,0.197519954621
0.713431902043,0.198319488496
0.706087793703,0.196360012653
0.709744315762,0.188821752923
0.77773712959,0.226568980295
0.773044076384,0.226352801128
0.715514752254,0.202132080023
0.0886083923333,0.356184950966
0.685506823572,0.1942852091
0.673136780553,0.198352778265
0.671978985531,0.197239559342
0.586854502157,0.263045360483
0.684255133741,0.253079924265
0.659970262351,0.250196678609
0.659855862331,0.245484852596
0.562997517292,0.338283715134
0.561016366671,0.338836653535
0.622618144947,0.17151629778
0.623099832508,0.171723773098
0.863334167707,0.141325548757
0.863308154318,0.141313993437
0.671540701925,0.230279879038
0.675720534139,0.232799856414
0.480619397615,0.373504987619
0.481076252842,0.373387512791
0.586345615668,0.245213834013
0.74161040795,0.215121840917
0.752440088045,0.199776802132
0.70366145461,0.171621669915
0.723653022741,0.160876641214
0.756902290264,0.212047218917
0.760873850008,0.248471833069
0.745958071761,0.161074438808
0.674403584202,0.240039401373
0.74037386851,0.166760495283
0.719728264392,0.289647779005
0.63772266632,0.142137412604
0.638191185947,0.141688642059
0.59475696971,0.388265277547
0.657837292263,0.188452794651
0.647813298754,0.162420944496
0.648127742876,0.162727029843
0.626352936218,0.10083273116
0.632511351191,0.101570652732
0.630952821363,0.101650456929
0.633356281032,0.101561691949
0.0604739083321,0.304724006294
0.0606943410049,0.304780336019
0.830256427811,0.115740674415
0.830565898561,0.115763122041
0.830252777368,0.116067645161
0.698598367346,0.304392774138
0.699723329612,0.304161350055
0.548764511589,0.177234007732
0.682493558524,0.0998857659489
0.701520840483,0.275493222317
0.700918578846,0.274925838802
0.6823816832,0.100229379656
0.682277773867,0.100197352648
0.703316712273,0.275758318576
0.756199790628,0.2370735296
0.694637147691,0.153689768292
0.671676228346,0.417081781613
0.671730005613,0.416919858826
0.743178373006,0.112284073496
0.742361598431,0.112353405338
0.650996732941,0.197869795403
0.76955824277,0.155390130958
0.691531235064,0.208453172245
0.729127011322,0.254080090108
0.726725681035,0.252766288899
0.701619560339,0.382040244612
0.701649822222,0.382012510582
0.256692108958,0.476451653752
0.256449707756,0.476426693049
0.707380164766,0.142929474128
0.688049985487,0.215062203366
0.431306707016,0.513503509784
0.431320511322,0.513513513514
0.431318734976,0.513483057467
0.431351865785,0.513497452863
0.43128233723,0.513483694923
0.431328538609,0.513498715065
0.431331071374,0.513480842983
0.431360247964,0.513501887174
0.774809696328,0.163313884529
0.774855233345,0.163945016685
0.650039070898,0.109274495939
0.755340983014,0.242894169687
0.674614596622,0.136863965753
0.7088487213,0.142536929615
0.709483311018,0.142286872684
0.663802789463,0.368160505958
0.665141582627,0.368151077744
0.718794409988,0.152638596646
0.715887977178,0.150625219012
0.714438116642,0.151471631293
0.710648597976,0.151873173048
0.711793861844,0.148035694353
0.712536952339,0.149469179321
0.645233694727,0.366007044594
0.312856941538,0.453458709955
0.312612230157,0.453318879187
0.723045421244,0.222904736841
0.683836532849,0.110570079702
0.684188963408,0.110342281694
0.787369638422,0.19143353044
0.789289999576,0.196367809077
0.819948470724,0.214110006123
0.81963275127,0.214006878921
0.823083533179,0.175701282659
0.785167768555,0.193824836271
0.805344079752,0.180529612324
0.810706560644,0.180794188613
0.788158973446,0.130280354014
0.740327340894,0.195731011207
0.43166088808,0.513337649804
0.527772448792,0.429527687908
0.527435384059,0.429724921195
0.60579439704,0.382884202028
0.604969463817,0.3831312617
0.604519205046,0.383499624379
0.605161275205,0.38300465887
0.603741540814,0.383834881515
0.604347937294,0.383497073392
0.604861832443,0.383292544962
0.605290766824,0.38288482008
0.0129687881733,0.239352757601
0.0127114650694,0.239704615659
0.0128286685238,0.239519884666
0.0633940666461,0.318615054008
0.089629337793,0.353883975321
0.0894886460491,0.353886485351
0.0896284807725,0.353884159717
0.0524687400587,0.348991382293
0.0449251782737,0.359572493184
0.0657147924857,0.352840932486
0.0539379808418,0.251110237515
0.0506391206807,0.247669408113
0.0454925192672,0.231410727802
0.0443851013694,0.226745003138
0.0448940727247,0.225068653678
0.0446340083453,0.224867103704
0.0442163201122,0.225078356855
0.0432669391139,0.225757358194
0.0436737532694,0.225805878463
0.0433027951841,0.226133763574
0.0563121950212,0.216242759636
0.0841110157522,0.188860269895
0.101838113187,0.174693786718
0.107463935062,0.168792339749
0.316940812372,0.0881675631936
0.297560924485,0.107133904532
0.312306588157,0.083920133646
0.269815851483,0.034664007706
0.269884404488,0.0346021171582
0.270314749793,0.0353101670388
0.266154417487,0.0446496601011
0.266019768248,0.0454191827804
0.264910340353,0.0466765172636
0.265369697187,0.0469617363486
0.237795724784,0.0970115610264
0.234540717578,0.0975774835784
0.41908970179,0.335099145902
0.429401114424,0.307666630463
0.429153762238,0.307246575609
0.428393541518,0.309828355941
0.428808917863,0.308428086008
0.229367641948,0.098924424357
0.198193629821,0.0731093422794
0.207430872177,0.0755684252181
0.206239747603,0.0753037922675
0.202883657696,0.12244593811
0.200198790533,0.139001903186
0.90000987764,0.299737322664
0.899978691148,0.299792206759
0.336757129716,0.0492969726075
0.33565636477,0.0494886481719
0.335654200307,0.0496918802696
0.372672313776,0.104924664301
0.37061316587,0.105521574692
0.37100046414,0.105652686648
0.376062955638,0.103764673385
0.375590570174,0.104077703849
0.374470195408,0.104955630864
0.37519462474,0.10587898162
0.361300496353,0.112449426199
0.137861829084,0.319106245788
0.136859295519,0.317807814084
0.581851786472,0.0866934974007
0.300177902666,0.162056790611
0.297820449299,0.238824771903
0.415906627842,0.193892163133
0.406199161726,0.0821123522901
0.405422353279,0.0825705210668
0.404965260544,0.0826930848734
0.405009336814,0.172785014734
0.404678936593,0.17249643143
0.40566773063,0.173153745064
0.274233800879,0.114852317809
0.27739781318,0.122815474778
0.248773169368,0.118749540193
0.248851183505,0.118864836192
0.446328384875,0.0677584246509
0.42787194727,0.0676192048751
0.42357548834,0.0671141948799
0.431523541213,0.0670943434217
0.432334057212,0.0678629552736
0.423715234065,0.0295872069691
0.424062129485,0.0296155996684
0.26086898022,0.0709281274964
0.926057726759,0.235851668894
0.926062305553,0.235883588354
0.454465998183,0.066644552357
0.915987431223,0.243257448168
0.915879385256,0.243274451221
0.45652260302,0.0671243380702
0.319972149882,0.100512343015
0.320657437764,0.100614298322
0.27927845447,0.269843781603
0.349420073749,0.0158129003149
0.38686336166,0.151418092571
0.233027799035,0.084854713197
0.25258708239,0.12422808949
0.524451304671,0.174832505097
0.229407226656,0.0781694282208
0.231890593722,0.0820193951718
0.231965455149,0.0827037127286
0.310049095997,0.123956962296
0.30398974346,0.139437645133
0.124902811514,0.364864788457
0.291793375028,0.0988987014897
0.27608486154,0.0995323676648
0.251876167462,0.0951233867
0.154099109304,0.277008669285
0.154518693335,0.276604708817
0.410102850391,0.00049268910252
0.410105592153,0.000128627962605
0.409536347636,0.0
0.356397831493,0.116611118105
0.280021913909,0.138666532184
0.236728091974,0.167095659053
0.0930443309785,0.3940579716
0.242594362654,0.215553417655
0.308322795589,0.132330180343
0.444993237243,0.0991576922671
0.444974811196,0.0993211903978
0.116963274819,0.352841969642
0.479985670429,0.0174312049488
0.479631345113,0.0175035572301
0.343808345716,0.0176471953983
0.344598031397,0.0173235757143
0.337420120146,0.0163799883599
0.339409975566,0.0169744609502
0.167364012067,0.21170659562
0.167197157181,0.211626825966
0.193890670639,0.383780118181
0.455769985932,0.286620150868
0.454568019227,0.287239795574
0.212560197607,0.108936398425
0.362315701633,0.0622933135569
0.280823927287,0.0992409200515
0.23346580033,0.09639012241
0.267869051781,0.0724045953853
0.254840287629,0.0757220250253
0.29828725304,0.0655093892
0.298599236911,0.0657510450813
